0.0030135
0.0028022
0.0045138
0.0035111
0.0032691
0.0036151
0.0034626
0.0043203
0.0058412
0.0047538
0.0041271
0.0050512
0.0045354
0.0040571
0.0038726
0.0041878
0.00231
0.0036134
0.0040463
0.0030973
0.0026313
0.0026166
0.0030668
0.0031591
0.0044991
0.0035298
0.0033413
0.0032093
0.0038022
0.0053376
0.0046986
0.0046477
0.004305
0.0049554
0.0064588
0.0054917
0.0052257
0.0049682
0.0039348
0.0050766
0.0042242
0.0038317
0.0041587
0.0039387
0.0040365
0.0036828
0.0033306
0.0044122
0.0044037
0.0041799
0.0055093
0.0051904
0.0061775
0.0055483
0.006235
0.0043004
0.0034223
0.0026788
0.0035842
0.0045904
0.00033094
0.00039586
0.0005233
0.00052926
0.00046423
0.00064548
0.0004796
0.00034892
0.0010871
0.00048793
0.0006942
0.00128
0.0013202
0.0011352
0.0013124
0.000704
0.00045808
0.00060028
0.0004398
0.00041444
0.0004834
0.00060098
0.00058044
0.00075407
0.00076691
0.00092084
0.00043684
0.00028736
0.00012389
0.00016683
7.117e-05
0.00010223
0.00019344
0.00021172
0.00047903
0.00057232
0.00054241
0.00073394
0.00042733
0.00033963
0.00026522
0.00036905
0.0002942
0.00034456
0.00041428
0.00040696
0.00048494
0.00073162
0.0010058
0.00069324
0.00064018
0.00066527
0.0010196
0.0007747
0.0010259
0.00069118
0.00026932
0.00034691
0.00072934
0.00054064
0.00049374
0.00094827
0.0023833
0.0012525
0.0011006
0.00083005
0.00081399
0.00096611
0.0014884
0.0014379
0.0011787
0.00095615
0.00031482
0.00064553
0.00083115
0.0011438
0.00075725
0.0013231
0.0016628
0.0011718
0.00099428
0.00074943
0.00098846
0.00092476
0.0014586
0.00066624
0.0007964
0.0010612
0.0010486
0.0011759
0.0017408
0.0018463
0.0014892
0.0013118
0.0020373
0.0017416
0.0013087
0.0014038
0.00083872
0.0014475
0.00123
0.0011934
0.001275
0.0010635
0.0010446
0.0015069
0.0011544
0.0015167
0.0018219
0.001584
0.0021132
0.0020872
0.0021541
0.0018104
0.0022574
0.0011335
0.0014531
0.00099221
0.00081713
0.00077081
0.0011996
0.00041479
0.00048266
0.00064503
0.00052283
0.00064688
0.00064533
0.0012959
0.0018095
0.001519
0.0010979
0.0015806
0.0018672
0.0010847
0.00078786
0.001037
0.00029615
0.00068358
0.00095917
0.00041239
0.00021762
0.00032726
0.00039759
0.00040034
0.00040438
0.00035882
0.0004407
0.00060022
0.0009639
0.0016931
0.0011919
0.0012005
0.0011747
0.0015784
0.0018305
0.0013744
0.0012894
0.00092183
0.00092106
0.00090952
0.0006932
0.00058475
0.00050901
0.0008567
0.0010906
0.00064103
0.00059176
0.0008994
0.00050697
0.00077053
0.00086806
0.0011536
0.0010666
0.00063532
0.0010723
0.00065008
0.00050141
0.00040669
0.00096673
0.0015344
0.00098923
0.0010433
0.0011246
0.0010843
0.0011815
0.0014927
0.0015237
0.0017094
0.0014562
0.0013089
0.0011563
0.0012345
0.0010332
0.0011917
0.00094119
0.001303
0.00079849
0.0010065
0.00098449
0.0010987
0.00093603
0.00093897
0.0011003
0.0010799
0.0018692
0.0015839
0.0016674
0.0012605
0.0016658
0.0023017
0.0016947
0.0014987
0.0014477
0.0018535
0.002112
0.0018034
0.0020853
0.0019086
0.0017477
0.00238
0.0020357
0.0016845
0.0020805
0.0016739
0.0014871
0.0011279
0.0010995
0.0012644
0.0010691
0.0011321
0.0018879
0.0012843
0.0019373
0.0023278
0.0018795
0.0018257
0.0011984
0.00093296
0.001071
0.0017446
0
1.3214e-05
0
0
0
0
4.5238e-05
0
0
2.0555e-05
7.874e-05
2.8562e-05
0
2.0204e-05
0
0
6.2236e-06
6.7251e-05
0.00014468
7.2874e-05
0.00013212
0.00020808
0.00017692
0.00040598
0.00037484
0.00058062
0.00031337
0.00014074
6.2073e-05
9.1913e-05
2.321e-05
0
0
0
3.1432e-05
0.00013859
0.00019732
0.00015895
0.00019044
0.00011993
7.4264e-05
7.476e-05
0.0001985
0.00017037
0.00010357
8.3386e-05
8.9238e-05
0.000133
0.00022254
0.00010599
0.00024696
0.00025906
0.00023046
0.00025316
0.00022755
0.00017853
5.3489e-05
1.5914e-05
2.8311e-05
3.3337e-05
0.00016559
0.00017469
0.0002536
0.00011295
0.00013674
0.00024075
0.00014606
0.00024301
0.00049169
0.00022795
0.00012641
0.00075467
0.0010615
0.00082863
0.00075006
0.00039795
0.00018134
0
0
0.00014367
7.9258e-05
0.00015682
0.00029322
0.00018763
0.00023528
0.00018652
6.968e-05
0.00014662
4.5433e-05
3.5518e-05
4.796e-05
4.3668e-05
0.00010243
7.6152e-05
0.00036298
0.00021973
0.00026212
0.00053077
9.3736e-05
0.00010279
5.1812e-05
0.00022259
2.8645e-05
3.0352e-05
0.00025496
0.0002401
0.00037602
0.00048811
0.00069475
0.00053477
0.0003193
0.00031947
0.00051715
0.00032438
0.00038832
0.00023597
8.2864e-05
0.0001385
0.0002714
0.0002383
7.9018e-05
0.00021903
0.00019443
0.00034922
0.0003091
0.00023764
0.00038193
0.00064333
0.0011717
0.001117
0.00084402
0.00044367
0.00014531
5.5261e-05
0.00023512
0.00016093
9.7729e-05
0.00050418
0.00063943
0.00033084
0.00015557
0.00024437
0.00020313
0.00015835
0.00024112
0.00017138
0.00023184
0.00015496
8.354e-05
0.00026651
0.00019406
0.00029853
0.00035894
0.00018852
0.00010047
0.00024308
8.7571e-05
0.0001742
0.00012746
0.00016166
0.00017678
0.00019243
0.00025554
0.00016628
8.3593e-05
0.00013772
0.00016325
0.00040294
0.00063149
0.00041239
0.00072432
0.00039285
0.00071221
0.00050229
0.00031058
0.00029388
0.00041768
0.00028079
0.00031832
9.1184e-05
0.00026849
0.00056096
0.0014819
0.00062915
0.0003415
0.000391
0.00017377
0.0001283
5.3186e-05
2.7833e-06
4.2123e-05
2.8823e-05
8.8015e-06
6.7936e-05
0
1.6983e-05
7.8723e-06
0
4.666e-05
9.6724e-06
5.1391e-05
0.0001764
0.00032889
0.00037923
0.00071776
0.00017027
0.00038789
0.0003757
0.00024133
0.0003055
0.0006332
0.00044968
0.00025476
0.00022488
0.00035857
0.00021553
0.00011134
6.2266e-05
0.0001621
0.00013497
9.398e-05
2.1793e-05
3.6518e-05
0.0001515
7.6514e-05
6.3437e-05
0
5.8811e-05
4.015e-05
0.00023972
0.00022155
0.00013071
0.00021784
0.00012063
0.00027628
6.1115e-05
0
9.7402e-05
1.5745e-05
0.00022198
0.00013367
0.00015386
0.00021515
0.00031623
0.00024256
0.0003936
0.00022199
0.00010591
0.000423
0.0002195
0.00038444
0.000291
9.1761e-05
6.2606e-05
3.949e-05
0.00010969
7.4846e-05
0.00010901
0.00019219
0.00016129
0.00022684
0.0001549
0.0001103
0.00016046
0.00014843
0.00014091
5.3793e-05
0
1.6381e-05
3.9399e-05
0
5.8564e-05
4.6445e-05
0.00013557
8.4616e-05
0.000214
8.2966e-05
4.2036e-05
0.00012941
0.0001169
9.8743e-05
5.8221e-05
6.7055e-05
0.0001102
2.5486e-05
8.3468e-05
0
5.5794e-05
8.8478e-05
5.2476e-05
7.3928e-05
8.6731e-05
0.00022173
0.00015159
0.00035494
0.00019998
0.0001232
0.00019249
0.00039496
0.00021728
3.1688e-05
5.4105e-05
5.4549e-05
0.00010008
8.4933e-05
1.1133e-05
6.6321e-05
0
0.00017242
1.9921e-05
0.00010462
0.00020575
0.00016685
0.00022377
0.00052288
0.00019636
0.00019567
0.00042401
0.00010292
3.66e-05
4.5177e-05
8.1184e-05
0
0
8.3498e-06
1.2778e-05
0
0
0
0
0
0
4.4561e-05
0
0
0
0
2.1834e-06
1.3744e-05
0
4.0405e-05
1.3481e-05
0
3.3642e-05
3.0264e-05
0
1.9681e-05
5.4716e-05
0
0
0
0
5.023e-05
4.5575e-05
5.508e-05
7.6704e-05
9.7644e-06
0
3.4669e-05
5.172e-05
0.00014623
0.00015027
0.00066891
0.00024431
0.00038505
0.00010625
0.00012814
0.00011311
7.9826e-05
0.0001919
0.00024076
0.0003473
0.00011856
0.00045354
0.00051016
0.00081956
0.00019673
0.00033208
0.00034651
0.00031252
0.0003955
0.00010218
0.00033685
0.00023095
0.00027188
0.00018578
6.6513e-05
0.00039703
0.00059737
0.00059466
0.00075818
0.00085996
0.00062029
0.00076505
0.0015341
0.0007916
0.00079885
0.0010909
0.00042438
0.00073094
0.00068815
0.00048724
0.00063159
0.00048436
0.00082194
0.00077033
0.00079322
0.00069941
0.00093876
0.00059177
0.00052454
0.0010448
0.00060231
0.00040583
0.00088865
0.00064755
0.00061331
0.00036313
0.00033479
0.00044684
0
1.8021e-05
3.8014e-05
2.9839e-05
6.4913e-05
9.5162e-05
0.00013015
8.1379e-05
0.00018363
0.00012623
5.1792e-05
0.00013636
4.2147e-05
6.8795e-05
8.5875e-05
0.00014629
0.00045492
0.00048681
0.00063021
0.00051879
0.00039182
0.00022648
0.00011959
0.00015622
0.00022784
0.00013881
0.00011016
0.00013352
0.00012635
9.2633e-06
0.00015541
0.00023811
0.00025525
0.00013332
4.4201e-05
0.00049139
0.00031092
7.643e-05
0.00012478
0.00041994
0.00027115
0.00049191
0.00035137
0.00026137
6.2527e-05
0.00053546
0.00019788
0.00035557
0.00021147
0.00034015
0.00064276
0.00051887
0.00062178
0.00078165
0.00078185
0.00013092
0.00042214
0.00025089
0.00014827
1.0807e-05
0.00028273
4.4674e-05
0.00010302
0.00028471
0.00015023
0.00017496
0.00046323
0.00066793
0.00088638
0.001148
0.00051189
0.0010156
0.0011614
0.00051368
0.00040741
0.00033131
6.6272e-05
0.00015106
0.00010614
8.0457e-05
0
0
2.3478e-05
0
0
0
0
0.00011239
8.5177e-05
6.7324e-05
4.5708e-05
0.00022849
0.00050913
0.00068852
0.00094434
0.00076724
0.00093778
0.00012835
4.2221e-05
5.8515e-05
0.00017028
8.9472e-05
0.00013374
0.00016343
7.1251e-05
3.18e-05
8.7466e-05
0
4.5177e-05
6.0816e-05
3.8966e-05
4.3794e-05
3.5485e-05
0
0
0
0
8.0593e-06
8.859e-05
0.00010735
0.00012682
9.3591e-05
5.7896e-05
5.7651e-05
0.00021133
0.00018467
7.117e-06
0.00020148
0.0001393
5.0324e-05
0.00022392
0.00025804
0.00039653
0.00011752
0.00012302
0.0001654
0.00012859
0.00011935
4.2012e-05
0.00014194
2.9787e-05
0.00016187
0.00019279
0.00017379
0.00014882
0.00019648
0.00018679
6.5546e-05
0.00024694
0.00011989
7.5654e-05
0.00027838
0.00033689
0.00015128
0.0002224
0.00026732
0.00014138
0.00037734
0.00023301
0.00020339
0.00014165
0.00015109
0.00011952
0.00041896
0.00040162
0.00028949
0.00034086
0.00038599
0.00019388
0.00010498
0.00017349
0.00014005
0.00012401
5.4858e-05
4.518e-05
8.2631e-05
8.3892e-05
1.7416e-05
5.6113e-05
0.00016258
0.00013692
0.00019639
9.2903e-05
0.00021321
0.00020488
0.00025123
0.00027866
0.00033864
0.00035705
0.00043956
0.00054819
0.00043939
0.00054195
0.0002484
0.00041608
0.00045771
0.00039724
0.0002656
0.00049344
0.00028217
0.00034594
0.00042308
0.00075625
0.00063911
0.0011678
0.00080112
0.00055017
0.00061306
0.0007922
0.0011579
0.00074598
0.00068244
0.00072058
0.00092155
0.00061695
0.00073243
0.00071602
0.0010736
0.0010221
0.001269
0.00090576
0.00083909
0.0011993
0.00091121
0.00066088
0.00046971
0.00050626
0.00048018
0.00054949
0.0001641
0.00083988
0.00061455
0.00070052
0.00080881
0.00067184
0.00062178
0.00046928
0.00027806
0.0004121
0.00041271
0.00052187
0.00049193
0.00066213
0.00046774
0.00071798
0.00059313
0.00075283
0.00041995
0.00064174
0.00056864
0.00038191
0.0006727
0.00043242
0.0004921
0.00031798
0.00045943
0.00020256
0.00044432
0.00013727
0.00039648
0.00025079
0.00019366
0.00017805
0.00027498
0.00014823
0.00041632
0.00042697
0.00042483
0.00079575
0.00072805
0.00060241
0.00038777
0.0004503
0.00049712
0.00058571
0.00065098
0.00060085
0.00053679
0.00036089
0.00043729
0.00039651
0.00029648
0.00062501
0.00043851
0.00043953
0.00021665
0.00027998
0.00063849
0.00026551
0.00026957
0.00045851
0.00033473
0.00053945
0.00097807
0.00052577
0.00090253
0.0001665
0.00039029
0.00033749
0.00054806
0.00029913
0.00012491
0.00012196
0.00018247
5.2839e-05
9.5511e-05
0.00015677
0.00022113
0.00048357
0.00023027
0.00020657
0.00022287
8.3773e-05
0.00029767
0.00013208
0.0005403
5.9655e-05
0.00027301
0.00045157
8.3607e-05
0.00018784
0.0001291
0.00011253
0.00015655
0.00014218
3.7644e-05
0.00010539
0.00020558
0.00023423
0.001118
0.00079992
0.00019612
5.7689e-05
0
4.9368e-05
2.1197e-05
2.5322e-05
0.00013214
0.00011981
0.00023044
2.7972e-05
4.9884e-05
2.344e-05
8.529e-05
8.4174e-05
2.1669e-05
9.2673e-05
0.00033971
0.00013277
0.00035677
0.00026943
0.00059674
0.00047186
0.0003601
0.00053493
0.00025422
0.00022773
0.00013941
0.00043832
0.0010427
0.00049094
0.00015162
0.00019979
0.00012019
0.00010843
0.00019174
1.8218e-05
0.00020534
0.00030025
9.0385e-05
0.00015551
8.404e-05
0.00022549
0.00015579
0.00012536
0
4.1635e-05
0.00014017
0.00035944
0.00010639
0
3.6289e-05
6.8787e-05
7.0006e-05
0.00011338
0.0001247
0.00014852
0.00021671
0.00039756
0.0003879
0.00027062
0.0004975
0.00027097
0.00073858
0.00061442
0.00031866
0.00018489
0.000284
0.00052602
0.00041717
0.0003533
0.0002943
0.0002323
0.00018901
0.00053358
0.00029807
7.076e-05
0.0001737
0.00013514
0.00024796
0.00038618
0.000373
0.00043521
0.00022036
0.00049218
0.00031323
0.00018978
0.00024181
0.00038371
0.00022174
0.00018856
0.00023331
0.00017927
0.00022596
7.2863e-05
0.00030652
0.00011167
0.00023919
0.00011571
0.00018143
0.00017718
4.546e-05
5.8813e-05
0.00039944
0.00015835
0.00031864
0.00019869
0.00029659
0.00035378
0.0003907
0.0003393
0.00029158
0.00016598
0.00016582
0.00055312
0.00026979
0.00051084
0.00014646
7.7847e-05
0.00028626
0.00013745
0.00037532
0.00014981
0.00017389
0.00027358
6.5771e-05
0.00022812
0.00021134
0.00023431
0.00067369
0.00057567
0.00053305
0.00013334
0.00021784
0.00014951
6.6686e-05
0.00011367
6.9721e-05
4.3296e-05
0.00042583
0.00035219
0.00018491
0.00035332
0.0003043
0.00047559
0.00019991
0.00031378
0.00024605
0.00030417
0.00067027
0.00014187
0.00012164
0.00019026
0.00017736
0.00018577
0.00034184
0.00038052
0.00071162
0.0003417
0.00011925
4.9053e-05
7.6904e-05
0
5.1783e-05
4.8785e-05
6.7202e-05
0
0
0
2.9344e-05
0
3.0645e-05
0
0
0
9.6681e-05
0.00017939
7.6206e-05
0
0.00012951
0.00020888
5.3213e-05
0.00012696
0.00026094
0.00063577
0.00035422
0.00054027
8.6832e-05
0.00013038
0
0.00015778
1.5914e-05
0.00012284
0.00010636
0.00023715
0.00037483
0.00019963
7.6027e-05
0.00021076
0.00027259
0.00023728
0.00015013
0.00034397
0.00023667
0.00020628
0.0001015
0.00024888
1.856e-05
1.7263e-05
0.00011353
0
1.3214e-05
0
0
0
0
0
0
0
0
1.8655e-05
2.1239e-05
0
0
0
0
0
0
0
1.6229e-05
0
0
2.7314e-05
6.0436e-05
0.00021078
0.00022655
0.00010044
5.4729e-05
0
5.1772e-05
2.321e-05
0
0
0
0
2.463e-05
0.00016536
6.0596e-05
0.00012025
9.7661e-05
5.8035e-05
6.1569e-05
0.0001985
0.00014384
6.416e-05
8.3386e-05
2.8062e-05
4.4381e-05
4.2024e-05
1.4503e-05
2.9788e-05
0
1.8021e-05
0
0
0
0
9.5484e-06
0
0
0
0
0
0
0
0
0
0
0
0
6.0085e-05
0
0
0
0
0
0
6.7251e-05
9.7511e-05
2.4533e-05
9.314e-05
0.00018444
0.00012722
0.00027633
0.00012787
0.00025144
0.00017507
8.601e-05
6.2073e-05
2.9334e-05
0
0
0
0
0
0.00010005
1.1579e-05
9.1806e-05
2.8468e-05
0
0
0
0
0
0
0
0
0
0
0
0
0
0
0
0
0
0
0
0
0
0
6.5615e-05
5.6542e-05
5.1187e-05
0
0
0.00014606
0.00010699
0.00035219
0.00017419
0.00012641
0.00042105
0.0001236
0
0
6.2604e-05
3.2246e-05
0
0
0
0
0
0
0
4.7398e-05
0
0
6.5729e-05
0
0
4.796e-05
0
0
3.3984e-05
0.00030705
0.00021973
0.00012979
0.00036476
4.1232e-05
6.638e-05
0
6.1222e-05
0
0
0
0
0
0
0
0
0
0
0
0
5.589e-05
0
0
3.638e-05
0.00010159
2.1669e-05
0.0001223
6.3002e-05
0.00019705
6.176e-05
0.00013674
0.00024075
0
0.00010106
0.0001395
0
0
0
6.8394e-05
0
0
7.0357e-05
8.5994e-05
0
0
0.00014367
5.2696e-05
0
0.00012777
7.0556e-05
0.00015916
5.6309e-05
0
8.0888e-05
4.5433e-05
3.5518e-05
0
4.3668e-05
0.00010243
0
5.5927e-05
0
9.6976e-05
0.00013979
5.2503e-05
0
1.9345e-05
5.4634e-05
0
3.0352e-05
0.00018152
0.00018657
0.00016083
0.00038231
0.00036055
0.00045769
0.0003193
0.00020426
0.00051715
0.00026586
0.00029474
0.00012577
0
8.1333e-05
8.2349e-05
0.00019347
0
0
0
0
0
0
0
0
0
0
0
0
0
0
0
0
0
0
0
0
0
0
0
0
0
0
0
0
0
0
0
0
0
0
0
0
0
0
0
0
0
0
0
0
0
0
0
0
7.5544e-05
0
0
0
0
0
0
0
0
0
0
0
3.7254e-05
8.8878e-05
6.9088e-05
0.00013458
5.9407e-05
7.6495e-05
0.00019698
0.00011793
0.0002024
0.00017324
0.00010261
0.00014239
0
0
9.1245e-05
9.9179e-05
4.214e-05
0.00048148
0.00055666
0.00031703
6.4737e-05
0.00014999
4.8084e-05
2.9657e-05
0
0
0
0
0
0
0
0
1.8349e-05
0.00012572
0
9.255e-05
4.5858e-05
4.8047e-05
8.6229e-05
7.1299e-05
0
0
0
0
0
0
0
0
0
0
0
0
0
0
0
0
0
1.5166e-05
1.4748e-05
1.3922e-05
0.00013147
0.00041187
0.00075234
0.00015746
0
1.3503e-05
4.3304e-05
1.0917e-06
2.363e-05
2.7833e-06
3.107e-05
1.8071e-05
8.8015e-06
6.0945e-05
0
1.4667e-05
7.8723e-06
0
3.9058e-05
0
0
0
2.5133e-05
0
0
0
0
0
0
2.013e-05
0
0.0001163
0
0
0
4.9266e-05
9.2954e-06
0
0
0
0
0
0
0
1.3916e-05
0
0
1.6859e-05
4.015e-05
1.9681e-05
0
0
2.1834e-05
0
0
0
0
1.9097e-05
0
6.2582e-05
0.00013702
0.00014909
0.0007296
0.0002864
0.00026245
4.7144e-05
5.3348e-05
0.0001272
2.9556e-05
0
0
0
0
0
0
2.3158e-06
0
0
0
0
0
0
0
1.4234e-05
3.5147e-05
0
2.4411e-06
0
2.2598e-05
5.952e-05
3.7951e-05
0.00014141
9.2798e-05
3.9857e-05
0.00010018
6.7882e-05
4.7291e-05
3.3861e-05
4.2715e-05
5.2257e-05
3.5926e-05
2.1793e-05
3.6518e-05
7.758e-05
2.5513e-05
6.3437e-05
0
4.1952e-05
0
8.946e-05
0.00011352
8.2476e-05
6.2803e-05
2.1462e-05
3.1288e-05
9.6724e-06
0
7.8306e-05
1.5745e-05
0.00010836
0
0
0
0
0
0
3.6437e-05
0
0
2.0555e-05
0
0
0
0
0
0
0
0
0
0
0
0
0
0
0
0
0
0
0
0
0
0
0
0
0
1.3916e-05
2.038e-05
0
2.0263e-05
0
1.6229e-05
1.3191e-05
0
2.6528e-05
2.7833e-05
0
6.1176e-05
8.8621e-05
0.00018052
9.1488e-05
0.00020047
0.00022832
0.00016657
0.00013662
2.5286e-05
0
0
0
0
3.3337e-05
0
0
0
0
0
0
8.8015e-06
0
0
0
0
7.3233e-06
0
2.0204e-05
0
0
6.2236e-06
0
4.7173e-05
3.2112e-05
3.8983e-05
2.3645e-05
2.2386e-05
6.921e-05
3.6194e-05
0.00010263
3.7863e-05
0
0
0
0
0
0
0
1.4171e-05
0
0
6.5501e-06
2.1462e-05
2.227e-05
0
0
0
0
1.1579e-05
0
0
0
0
0
1.67e-05
3.0744e-05
4.5869e-05
0.00011653
0.00018082
0.00015437
5.3489e-05
6.3656e-06
2.8311e-05
0
0
0
0
0
0
0
0
0
0
5.376e-05
0
0.00030494
0.00086954
0.00082863
0.00062094
0.00026499
6.3101e-05
0
0
0
2.6562e-05
3.2914e-05
9.339e-05
4.8356e-05
2.8728e-05
7.9118e-05
2.0511e-05
0
0
0
0
0
0
0
0
0
0
0
0
0
0
0
0
0
0
0
0
0
0
0
0
0
0
0
0
0.00011019
2.007e-05
0
0
0
4.3291e-05
4.6071e-05
0
0
0
0
0
3.4951e-05
0
0
0
2.8687e-05
0
0
4.1095e-05
0
0
0
0
0
0
0.0001239
7.206e-05
6.872e-05
0
5.1094e-05
4.9169e-05
0
0
0
0
0
0
4.2168e-05
0
0
3.5358e-05
2.6223e-05
0
3.6412e-05
3.2467e-05
0.00010673
2.8645e-05
0
7.3439e-05
5.3537e-05
0.0002152
0.0001058
0.0003342
7.7078e-05
0
0.00011522
0
5.8515e-05
3.7691e-05
0
6.2794e-05
2.0785e-05
8.747e-05
2.3158e-05
4.1764e-05
0
0.00012535
0.00018753
8.3602e-05
6.0902e-05
0.00018495
0.00014853
0.0004979
9.2017e-05
7.0787e-05
0.00014231
0
4.6631e-05
8.1113e-05
0
5.5589e-05
2.2704e-05
8.2771e-05
1.3809e-05
9.0832e-05
9.4376e-05
0.0001081
7.9376e-05
0.00024112
0.00013787
0.00023184
7.2759e-05
3.2651e-05
3.5509e-05
0.00013457
0
0.0001977
0
0
3.1051e-05
4.1713e-05
0.0001125
0
4.0037e-05
0.00017678
5.5343e-05
0.00021153
0.00012566
8.3593e-05
9.4483e-05
0.00016325
0.00033483
0.00029978
0.00031984
0.00062282
0.00039285
0.00048005
0.00046586
0.00031058
0.00024555
0.00034529
0.00023804
0.00023654
4.5574e-05
0
0.00013015
0
0
0.00011327
4.8608e-05
0
0.00037687
0.00047141
0.00085177
0.00067062
0.00015897
0.00014531
8.6306e-06
6.276e-05
6.1755e-05
0
0
0
0
0
0
0
0
0
0
0
8.2201e-05
5.089e-05
0.000231
5.9485e-05
0.00029853
0.0001429
6.2794e-05
0.00010047
0.00011948
0
0
0
5.0324e-05
0
0.00013708
4.4007e-05
0
0
4.3236e-05
0
6.8111e-05
0.00025616
5.6988e-05
0
0
0.00013433
0
0
4.8331e-05
7.239e-05
0
6.703e-05
0
0
0
0
0
0
0
0
0
0
0
1.1053e-05
1.0752e-05
0
6.9902e-06
0
0
0
0
7.6027e-06
9.6724e-06
5.1391e-05
0.0001764
0.00030375
0.000365
0.00050071
0.00017027
0.00017034
0.00015542
6.1572e-05
0.00010293
0.0001163
0
0
0
8.1578e-05
0
5.4759e-05
0
4.1713e-05
3.6673e-05
2.3171e-05
0
0
3.3515e-05
0
0
0
0
0
0
0
0
0
0
0
0
0
0
0
0
0
0
0
0.00018529
7.9059e-05
0.00033035
7.7121e-05
0
0
0
0
0
0
0
0
0
0
0
0
0
0
0
0
0
0.0001819
0
0.0002151
0.00022028
0.00015716
0.00012293
0.00047895
0.00019197
0.00016196
0.00018502
0.00017682
9.8382e-05
0
2.8405e-05
7.7669e-05
4.6039e-05
3.4883e-05
0
0
4.0407e-05
3.7085e-05
0
0
0
0
0.00013058
0.00010804
4.8232e-05
0.0001332
9.9168e-05
0.00024499
5.1443e-05
0
0
0
5.1042e-05
0
0
0
0
1.4503e-05
0
0
0
0
0
0
0
0
0
0
0
1.8924e-05
0
0
5.8352e-05
2.9787e-05
8.4571e-05
4.0409e-05
7.1058e-05
0
3.2467e-05
0
0
0
1.0807e-05
0
2.9496e-05
4.6445e-05
5.4215e-05
0.00010188
0.00017243
8.2966e-05
4.2036e-05
0.00012941
0.0001169
9.8743e-05
5.8221e-05
6.7055e-05
0.0001102
2.5486e-05
8.3468e-05
0
0
3.1261e-05
5.2476e-05
4.092e-05
5.8258e-05
2.9496e-05
2.2078e-05
8.8466e-05
0
1.2205e-05
0
0
2.9428e-05
0
0
0
0
0
0
0
0
0
0
0
0
0
0
1.0835e-05
0
0
0
0
1.7261e-05
2.1206e-05
1.0385e-05
2.2926e-05
4.8856e-05
5.7204e-05
4.1784e-05
2.4677e-05
0
9.3911e-06
0
0
0
0
0
0
0
0
0
0
0
0
0
0
0
0
0
0
0
0
0
3.3007e-05
2.8473e-05
0.00017149
0.00012951
9.8107e-05
0.00017546
2.8108e-05
8.0593e-06
0
0
0
5.4105e-05
1.8169e-05
0.00010008
3.9701e-05
0
3.232e-05
0
0.0001571
0
0.00010462
0.00019355
0.0001016
0.00022377
0.00058231
0.00019482
0.00019567
0.00036409
0.00010292
0
4.5177e-05
0
0
0
0
0
0
0
0
0
0
0
0
0
0
0
0
0
0
0
0
0
0
0
0
0
0
0
0
0
0
0
0
4.5575e-05
5.508e-05
7.6704e-05
0
0
2.6797e-05
0
0
0
0
0
0
0
0
0
0
0
0
0
0
0
0
0
0
0
0
0
0
0
0
0
0
0
0
0
0
0
0
0
0
0
0
0
0
0
0
0
0
0
0
0
0
0
0
0
0
0
0
0
0
0
0
0
0
0
0
0
7.89e-05
6.1935e-05
0.00030701
8.7189e-05
0.00027622
5.1634e-05
0
4.2632e-05
3.3043e-05
2.5486e-05
0
3.082e-05
0
1.714e-05
0
0
0
0
4.4726e-05
0
0
0
0
4.0452e-05
0
0
0
0
4.1635e-05
0.00014932
0.00013135
9.7889e-05
0.00015058
3.6412e-05
0.00038233
0.00036613
0.00048818
0.00031289
0.00025842
0.00012658
9.3961e-05
0.0001555
7.043e-05
5.3063e-05
0.00010592
3.0964e-05
7.782e-05
5.4723e-05
1.3919e-05
6.1806e-05
4.9896e-05
0.00024441
2.8935e-05
3.6437e-05
5.3531e-05
0
5.7918e-05
6.9732e-05
3.0587e-05
0.00010511
3.5588e-05
8.8333e-05
0.0003619
0.00013052
0.00016165
7.9901e-05
0.000115
7.0474e-05
4.6784e-05
7.3444e-05
0.00013815
0.00020852
0
0.0002483
0.00023161
0.00022356
0.00019673
0.00033208
0.00026924
0.00027488
0.00031414
5.8977e-05
0.00034557
4.932e-05
0.00022198
8.91e-05
6.6513e-05
0.00015783
0.0004651
0.00029544
0.00022684
0.00026815
0.00020678
0.00035131
0.00073697
0.00014398
0.00022439
0.00024678
2.5938e-05
0.00015545
0.00019141
0.00012049
4.6809e-05
0.00025121
0.00041816
0.00048688
0.00039213
0.00043415
0.00046037
0.00042761
0.00033435
0.00055212
0.00036266
0.00012179
0.0002313
0.0002438
0.00023094
0.00017889
0.00020784
0.00020787
0
0
0
0
9.3274e-06
3.0421e-05
0
0
4.4502e-05
8.3332e-05
1.6574e-05
0.00011457
0
0
2.24e-05
3.4824e-05
1.9681e-05
8.4254e-05
0.00014599
0.0001395
8.2512e-05
0
4.0945e-05
0.00010631
0.00010515
0.00012845
1.4192e-05
0
0
0
8.726e-05
6.4852e-05
0
6.5796e-05
0
0.0003029
0.00023493
0
0
0.0001786
9.15e-05
0.00040788
0.00025474
0.00018014
4.7088e-05
0.00034582
0.0001603
0.0001925
0
0.00016785
0.00028756
0.00019506
0.00012555
3.1499e-05
0.00036076
0
0.00018421
0.00021812
6.2565e-05
0
0
0
3.8014e-05
0
5.5585e-05
5.0176e-05
7.067e-05
0
0
0
0
0
0
2.7412e-05
0
0
0.00025367
7.2277e-05
0.00016201
0.00015648
9.272e-05
0
0
2.7972e-05
0
0
0
0
3.8108e-05
0
2.013e-05
3.8328e-05
0.00012168
6.7524e-05
4.4201e-05
0.00011632
7.5985e-05
1.693e-05
1.2661e-05
3.7254e-05
6.2862e-05
0
7.117e-06
0
1.0807e-05
0
0
6.3656e-06
2.8099e-05
1.1398e-05
0.00011544
0.00020247
0.00042908
0.00066707
0.00034632
7.8414e-05
0.00023793
8.8015e-06
4.9126e-05
0
9.5e-05
8.8603e-05
0.00012228
0
4.7316e-05
5.3107e-05
1.7e-05
1.8021e-05
2.9662e-05
0
1.4503e-05
4.3319e-05
0
6.2606e-05
2.8656e-05
5.6419e-05
0
0
7.5291e-05
8.5676e-05
7.6489e-05
4.4504e-05
3.2218e-05
3.2824e-05
3.7692e-05
4.7673e-05
2.1793e-05
0
0
3.9399e-05
0
2.9069e-05
0
8.1354e-05
0
4.157e-05
0
0
0
0
0
0
0
0
0
0
0
5.5794e-05
4.5012e-05
0
0
0
0
0
0.00018317
4.8681e-05
6.4533e-05
0.00018443
0.00039496
0.00013459
3.8667e-05
4.6329e-05
9.2878e-05
0.00029473
0.00018074
0.00033214
0.00020499
7.4235e-05
0.00039333
0.0002195
0.00036993
0.00024768
9.1761e-05
0
0
5.327e-05
5.5922e-05
8.5044e-05
9.5658e-05
0
9.9356e-05
1.5439e-05
1.4748e-05
7.7194e-06
5.3533e-05
1.8987e-05
7.3233e-06
0
6.9902e-06
0
0
0
0
0
0
0
0
0
0
0
0
0
0
0
0
0
0
0
1.2205e-05
0
0
0
2.0742e-05
0
6.6405e-06
0
1.8355e-05
0
0
5.3264e-05
3.1688e-05
0
3.638e-05
0
4.5232e-05
1.1133e-05
3.4001e-05
0
1.5323e-05
1.9921e-05
0
1.2205e-05
6.5258e-05
0
2.8604e-05
1.5439e-06
0
5.9919e-05
0
3.66e-05
0
8.1184e-05
0
0
0
1.2778e-05
0
0
0
0
0
0
4.4561e-05
0
0
0
0
2.1834e-06
1.3744e-05
0
4.0405e-05
1.3481e-05
0
3.3642e-05
3.0264e-05
0
1.9681e-05
5.4716e-05
0
0
0
0
5.023e-05
0
0
0
9.7644e-06
0
7.8723e-06
5.172e-05
0
0
0
0
0
0
0
0
0
0
0
0
0
0
0
0
0
0
0
0
0
0
0
0
0
0
0
0
0
0
0
0
0
0
0
0
0
0
0
0
0
0
0
0
0
0
0
0
0
0
0
0
0
0
0
0
0
0
0
0
0
0
0
0
0
0
0
0
0
0
0
0
0
0
0
0
0
0
0
0
0
0
0
0
0
0
0
0
0
0
0
2.6427e-05
6.4231e-05
0.00011573
0.00011156
0.00010025
4.2119e-05
0.00018235
3.6175e-05
6.5529e-05
1.7955e-05
0
0
2.5133e-05
0
2.3171e-05
3.6183e-05
0
1.5631e-05
3.1433e-05
1.5631e-05
1.8218e-05
6.6068e-05
0.00011025
0.00028868
0
1.5205e-05
0
6.1951e-05
3.4044e-05
3.1742e-05
0
0
5.3704e-05
0
2.6348e-05
1.3146e-05
0
0
4.092e-05
0.0001026
0.00010796
0.00011856
0.00011118
0.00027855
0.000596
0
0
3.2541e-05
3.7636e-05
8.1363e-05
4.3208e-05
3.8225e-05
0.0001905
4.9896e-05
0.0001302
0
0.0002392
9.0632e-05
0.0001499
0.00039999
0.00044084
0.0001708
0.00017526
0.00025898
0.00018125
4.4156e-05
0.00036255
0.00014508
0.00038338
0.00038482
0.00013092
0.0003184
0.00019557
0.00029786
0.00022931
0.00017246
0.00021054
0.00044885
0.00010648
0.00022616
0.00023003
0.00024248
0.0001738
0.00031513
0.00040376
0.00030925
0.00014209
3.4407e-05
0.0001315
0
0
0
0
0
0
2.0263e-05
8.1379e-05
0
4.2897e-05
2.8314e-05
2.1793e-05
3.1848e-05
4.1383e-05
6.3475e-05
5.2618e-05
0
8.8064e-05
7.5748e-05
6.8378e-05
7.8597e-05
6.2004e-05
1.4748e-05
0
0
1.0357e-05
0
8.9713e-05
0
0
0
7.6418e-05
7.117e-06
0
0
7.2171e-05
0
5.95e-05
0.00011212
0.00020409
0.00011679
8.4025e-05
8.9509e-05
8.1227e-05
4.6317e-06
0.00018964
3.0588e-05
0.0001567
0.00018337
0.00011533
3.6673e-05
1.5439e-05
3.9857e-05
2.0858e-05
1.0065e-05
0
0
5.6198e-06
6.2236e-06
1.0807e-05
0
1.8021e-05
0
2.9839e-05
0
1.4565e-05
0
0
0
0
0
0
1.0299e-05
0
0
4.9555e-05
0.00018157
0.00017781
0.00022983
0.00015443
0.00013799
0.00013371
6.3899e-05
2.1943e-05
0.00012269
0
6.7869e-05
4.3811e-05
8.8242e-05
9.2633e-06
4.8016e-05
5.8515e-05
0.00012645
0
0
0
0
0
0
0
0
0
0
0
0
0
6.9902e-06
0
0
1.1053e-05
5.6545e-05
4.815e-05
2.7292e-05
6.2228e-05
6.4696e-05
5.2504e-05
0
1.8349e-05
3.0354e-05
0
0
3.1491e-05
0
4.2588e-05
2.8312e-05
5.0743e-05
8.9278e-05
0.00034353
0.00031448
0.0006844
0.00017686
0.0003276
0
0
0
0
2.8057e-05
8.9943e-05
4.3032e-05
8.0457e-05
0
0
0
0
0
0
0
5.543e-05
8.5177e-05
4.642e-05
0
9.6958e-05
0.00022232
0.00020605
0.00039716
0.00037595
0.00041292
0
0
0
0
0
0
0
0
0
0
0
0
0
0
4.9428e-06
0
0
0
0
0
8.0593e-06
0
0
0
0
0
1.7637e-05
0
7.3893e-05
0.00020513
0.00019876
0.00037074
0.00036257
0.00012778
0.00021563
0.00019671
0.00021937
0.0002208
0
1.3214e-05
0
4.8625e-05
0
0
0
0
0
0
0
0
0
0
0
4.5708e-05
0.0001276
0.0002501
0.00045952
0.0005344
0.00036388
0.00048591
4.4244e-05
0
4.9513e-05
5.7311e-05
3.4694e-05
6.1077e-05
0
0
0
0
0
0
0
0
0
0
0
0
0
0
0
0
0
0
0
0
0
0
0
0
0
0
5.0324e-05
0.00019803
9.8148e-05
0.00015639
6.4215e-05
9.213e-05
0.00010267
0
5.8789e-05
0
7.5632e-05
0
0
0
7.4436e-05
8.3498e-06
0
0
0
0
0
0
3.1987e-05
3.9339e-05
0
4.1087e-05
0
0
0
0
0
0
0
0
0
0
0
0
0
0
0
0
0
0
0
0
0
0
0
0
0
0
0
0
0
0
0
0
0
0
0
0
0
0
0
0
0
0
0
0
0
0
0
0
0
0
0
0
1.05e-05
1.0153e-05
0
0
1.9681e-05
1.0299e-05
1.5631e-05
0
0
0
1.693e-05
0
3.6426e-05
3.246e-05
0
1.5914e-05
0
0
0
0
5.881e-05
3.6162e-05
2.7292e-05
1.714e-05
0
7.2655e-05
1.4829e-05
0
1.5895e-05
0
0
0
0
0
0
4.4378e-05
0
2.3843e-05
1.8414e-05
8.6699e-05
3.2246e-05
0
0.00012529
7.0855e-05
5.304e-05
2.6622e-05
3.2751e-05
0
0
0
0
5.1623e-05
0
0.00015961
0.00010744
0.00028503
0.00017454
0.00044006
0.0003324
0.00023519
0.00017905
0.00029968
0.00026134
0.00018947
6.9673e-05
0.00025018
0.00011074
7.7359e-05
6.5328e-05
0
0.00010158
2.5707e-05
6.382e-05
5.1458e-05
1.1476e-05
0.00010639
0
3.2504e-05
2.0085e-05
2.3478e-05
7.83e-05
0.00016922
7.494e-05
0.00034245
0.00029181
0.00021679
0.00018042
0.00024544
0.00034303
0.00017371
8.3323e-05
0
5.2635e-05
6.8881e-05
8.9274e-05
4.8525e-05
0.00015529
1.2083e-05
0.00014371
0
0.00021959
0.00024076
0.00011678
0.00039754
0.00036699
0.00027639
0.00029256
0.00041608
0.00023505
0.00029262
0.00019646
0.00021759
0.0001088
7.4323e-05
5.2202e-05
9.9893e-05
0.00027741
0.00020453
0
0.00013877
0.00015489
7.4027e-05
7.1287e-05
0
0.00026707
3.7644e-05
0.0005199
0.00019754
0.00021654
0.00031363
0.00037463
0.00061614
0.00048814
0.00039299
0.00062291
0.001045
0.00070964
0.00048546
0.00026761
0.00055614
0.00034906
0.00031287
6.9131e-05
0.00025408
0.0002531
0.00012011
0.00015859
0.00021119
0.00014023
0.00016651
0.00010523
0.00010483
4.3256e-05
2.5521e-05
2.107e-05
6.3516e-05
7.7564e-05
5.0079e-05
2.6562e-05
1.4234e-05
6.6609e-05
2.1462e-05
4.4538e-05
4.6967e-05
2.8828e-05
4.0839e-05
3.6043e-05
7.2e-05
6.2001e-05
8.7464e-05
0.00014711
1.6628e-05
9.3602e-05
5.2461e-05
9.5994e-05
4.5308e-05
2.58e-05
9.4228e-06
0
5.7374e-05
0
0
0
0
2.8057e-05
0
0
0
0
0
0
0
0
0
0
0
0
0
0
4.3785e-05
0.00010888
8.4462e-05
3.4522e-05
0.00011072
8.5851e-05
9.9925e-05
0.00047467
0.00039578
0.00022697
8.6599e-05
3.8194e-05
0
5.9592e-05
0.00017706
0.00014943
0.00023144
0.00010279
0.00021511
7.3662e-05
0.00042569
0
0.00025673
0.00027968
0.00016539
0.00026312
0.00012115
0.0003832
0.00014855
0.00029541
9.4891e-05
0.00017357
0.00011132
0.00010876
0.00010665
3.5089e-05
0
8.1179e-05
0
0.0001285
0.00011868
5.9828e-05
8.5506e-05
0.00014076
9.6866e-05
5.2187e-05
0.00019083
0.00013057
0.00017369
8.1591e-05
0.00018307
0.00012126
9.4208e-05
0
0.000114
7.7902e-05
0.00017105
0.00018387
0.00010739
0.00012238
6.6199e-05
0.00027872
0.0001172
0.00025818
0.00049433
0.00016319
0.00026475
0.0002282
0.00010279
0.00023804
6.0833e-05
0.0002035
0.00012853
0.00027675
0.00028273
3.2108e-05
9.2725e-05
0.00021473
0.00012192
4.7542e-05
6.0534e-05
2.0206e-05
6.4259e-05
0
3.4522e-05
0
4.6261e-05
3.8352e-05
3.1687e-05
7.0311e-05
0
1.5166e-05
3.1566e-05
0
0
0
2.3478e-05
0
0
0
0
4.8163e-05
0
2.0904e-05
0
3.9361e-06
3.6705e-05
2.2955e-05
0
1.5631e-05
1.4234e-05
3.7142e-05
2.472e-05
9.0023e-06
9.2241e-05
5.4777e-05
7.2665e-05
0.00016343
7.1251e-05
3.18e-05
4.3034e-05
0
0
6.0816e-05
0
0
3.5485e-05
0
0
0
0
0
8.859e-05
8.7275e-05
0
0
1.0299e-05
0
0
1.1133e-05
0
7.157e-05
6.8757e-05
7.6029e-05
0.00013644
0.00047241
0.00091844
0.00023945
0.00015492
0.000261
2.5002e-05
6.9914e-05
4.157e-06
0
0
0
0
0
0
0
0
8.8015e-06
0
0
0
0
0
0
1.2778e-05
1.1783e-05
2.4715e-05
4.6961e-05
1.7501e-05
0
2.0725e-05
0
0
0
0
0
0
0
0
0
0
0
0
0
0
0
0
0
0
0
0
0
0
0
0
0
0
0
0
0
0
0
0
0
0
0
0
0
0
0
0
0
0
0
0
0
0
0
0
0
0
0
6.3656e-06
0
0
0
0
0
0
0
0
5.8789e-06
0
0
1.0035e-05
1.2375e-05
0
0
0
6.2236e-06
0
0
0
0
4.5012e-06
0
0
0
0
7.7579e-06
0.00012682
9.3591e-05
5.7896e-05
5.7651e-05
0.00017715
0.00015811
7.117e-06
4.2632e-05
0.0001393
0
2.5892e-05
0.00011101
0.00024014
5.3303e-05
3.0887e-05
6.2729e-05
0.00012859
6.0557e-05
4.2012e-05
6.6307e-05
2.9787e-05
0.00016187
0.00019279
9.0057e-05
0.00014882
0.00019648
0.00018679
5.5047e-05
0.00016449
0.00011989
7.5654e-05
0.00022671
0.0001676
0.00013565
0.00013883
0.00026732
0.00014138
0.00036041
0.00014442
0.00013307
0.00010919
4.7164e-05
5.5255e-05
0.00041896
0.00025992
0.00027712
0.00034086
0.00032718
0.00015772
7.1463e-05
0.00015635
9.0818e-05
5.1358e-05
4.003e-05
4.0679e-05
6.6736e-05
8.3892e-05
1.7416e-05
5.6113e-05
0.00015482
0
0.00010711
0
5.7916e-05
0.00011401
8.9111e-05
0.00014531
8.6805e-05
0.00011629
8.3746e-05
7.9795e-05
0
0.00015538
0
0
0.00021958
5.496e-05
4.0297e-05
0.00018307
0.00016715
7.7534e-05
0.00017951
0.00035985
0.00013325
0.00047888
0.0003817
0.00013492
0.00019962
0.00022187
0.00038416
0.0003347
0.00011765
0.00018318
0.00027284
0.00014136
0.00030111
0.00037382
0.00050183
0.00026618
0.00043797
0.0001882
0.00011632
0.00012492
4.7492e-05
6.3318e-05
0.00013317
9.3911e-06
3.4262e-05
6.7407e-05
2.0029e-05
0.00019708
3.7296e-05
8.8996e-05
0.0004698
0.00020686
0.00011226
0.00010828
0
0.00012706
0.00020633
6.804e-05
0
0
0
5.4944e-05
0
4.6656e-05
0
0
0.00016578
0
1.936e-05
8.3555e-05
0
0
3.0878e-06
4.9657e-05
2.8845e-05
4.1153e-05
6.2236e-06
9.4228e-06
8.393e-05
1.1476e-05
3.9553e-05
4.4356e-05
8.7023e-05
4.1293e-05
6.6556e-05
0.00019663
0.0004411
0.0002218
0.00025469
0.00027747
0.0001044
0.0002449
0.00014945
2.8572e-05
9.5576e-05
0.00011406
0.00027905
0.00027312
0.00016872
0.0001189
0.00015407
7.9604e-05
4.8852e-05
3.1884e-05
1.8559e-05
0
0
0
0
0.00027462
0
8.3498e-06
2.6257e-05
2.0785e-05
8.9505e-05
0.00018021
0.00011048
0.00014848
0.0001476
9.6818e-05
3.3256e-05
0.00038787
0.00026025
0.00016824
0.00019058
0.00028129
0.0001808
9.8058e-05
0.00020264
7.7001e-05
6.2236e-06
3.1687e-05
8.9705e-05
2.0204e-05
0.00010171
2.595e-05
3.4193e-05
1.6063e-05
9.334e-05
7.318e-05
9.4447e-05
0.0001253
0.00014513
0.00011685
0.0002344
0.00042304
0.00051531
3.7896e-05
0.00010516
2.3031e-05
0
4.6637e-05
2.5049e-05
0
5.4585e-06
2.9556e-05
6.4884e-05
5.6988e-05
7.7739e-05
6.2164e-05
3.9361e-06
3.0878e-05
9.4275e-05
0
5.5607e-05
0
0
0
4.1116e-05
0
6.2701e-05
2.7194e-05
0.00014405
0
4.6993e-05
6.1318e-05
4.0942e-05
0.00014139
0.00017384
0.00027036
0.00025413
6.4915e-05
0.00017035
0.00012251
1.6375e-05
0.00015061
0
7.8395e-05
0.0001781
0.00019343
6.6629e-05
6.5736e-05
0
0
8.6334e-05
0
0.00015992
7.2833e-05
0
5.956e-05
7.3552e-05
1.3503e-05
0.00014269
0.00016217
0.0001306
0.00028721
7.1971e-05
0.00044448
0.00020237
0.00022276
0.000333
0.00031874
0.00051561
0.00041778
0.00037022
0.00019481
0.0002777
0.00022552
0.00014084
0.00039179
0.0002507
0.00019085
0
9.5104e-05
0.00019529
6.3838e-05
1.1398e-05
0
3.6093e-05
0.00017477
0.00021249
0
0.00029348
1.9066e-05
0.0001016
0.00014764
0.00017078
0
0
2.9587e-05
2.3516e-05
3.4883e-05
9.5511e-05
3.232e-05
0
2.5204e-05
0
0
0
0
0
0
0
0
0
0
0
0
0
0
0
0
0
0
0
0
0
0
0
0
0
0
2.1197e-05
2.5322e-05
0.00013214
9.8344e-05
0.000154
2.7972e-05
4.9884e-05
2.344e-05
1.5612e-05
0
0
9.152e-05
0.0001162
4.5177e-05
0.00015053
0.00017906
0.00029242
9.4473e-05
0.00012109
5.6576e-05
7.117e-05
1.936e-05
0
0
2.4702e-05
0
3.7699e-05
6.0871e-05
6.0083e-05
3.4522e-06
0
0.00023273
0.00026865
0.00022625
8.2858e-05
3.629e-05
4.8822e-06
0
0.00016654
0.00013208
0.0005403
3.4522e-05
0.00022262
0.00027962
0
0.00010922
0
6.2265e-05
0.00015655
9.3153e-05
3.7644e-05
7.4267e-05
6.4701e-05
3.7564e-05
5.1772e-05
0.00031775
0.00012795
0
0
4.9368e-05
0
0
0
0
7.6438e-05
0
0
0
5.3303e-05
8.4174e-05
0
0
0
0
0.00013233
0
0.00010375
8.3602e-05
0
8.9065e-05
2.7281e-05
0
0
0
9.5972e-05
3.0195e-05
6.1315e-05
4.6445e-05
6.7948e-05
5.4563e-05
3.8139e-05
1.8218e-05
0.00013765
0.00021698
0
0.00015551
3.3256e-05
0.00017023
0.00012697
0.00012536
0
4.1635e-05
6.3964e-05
6.5683e-05
0
0
3.6289e-05
3.8759e-05
0
8.8091e-05
2.3171e-05
0.00010994
4.5308e-05
3.2651e-05
8.9625e-05
7.0463e-05
0.00027832
0.00014588
0.00049951
0.00046486
0.00015611
7.6452e-05
0.00022121
0.00022245
0.00019404
0.00015364
0.00017491
0.00018792
6.7528e-05
0.00031884
0.00021458
7.076e-05
9.2121e-05
4.4673e-05
0.0001188
6.7667e-05
0
0
0
5.5911e-05
6.389e-05
0
0
7.4022e-05
0
0
5.4585e-06
0
0
7.0792e-05
0.00010536
0
0.00022654
6.2888e-05
9.0385e-05
0
9.9667e-05
5.5263e-05
2.8821e-05
0
0
0
1.9097e-05
0.00012555
0
0
0
7.6418e-06
3.0066e-05
0
3.7636e-05
3.8582e-05
0.00015358
0.0003618
0.00027045
0.00016773
0.00014851
0.00023837
0.00020997
0.00011984
0
7.9966e-05
0
0.00012827
0.00025703
7.603e-05
0.00016939
9.2734e-05
7.1979e-05
0.00025833
8.3483e-05
0
3.1286e-05
4.8899e-05
5.8725e-05
0.00013692
0.00020903
0.00019605
0.00016585
0.00030794
0.00018029
2.8821e-05
4.5318e-05
8.4465e-05
0
6.1833e-05
0
0
0
0
0
0
3.3304e-05
0
0
6.91e-05
0
0
4.7492e-05
0
0
0
0
0
0
5.0972e-05
0
5.079e-05
4.6317e-05
0.00030377
7.9857e-05
0.00049736
0.00010732
0
0.0002236
0
0.00019451
8.3321e-05
0
0
0
0
0
0
0
0
0
0
3.3913e-05
5.1927e-05
0
0
0
0
4.1778e-05
4.6273e-05
7.7919e-05
9.0107e-05
6.9947e-05
0.00037533
0.00017402
0.00029715
0.00014547
0.00015401
0.00040912
5.8025e-05
3.7564e-05
2.8321e-05
0
3.3834e-05
0.00010626
2.3158e-05
7.2069e-05
7.1411e-05
9.1902e-05
0
2.8821e-05
2.1532e-05
8.4434e-05
0
0.00017552
0.00010463
0.00017674
0.00019213
0.00021418
0.00010085
0.00022125
9.1712e-05
0.00013386
4.5414e-05
0
0
1.294e-05
6.9902e-06
3.0878e-06
0
0
0
3.4565e-05
2.0394e-05
0
0
3.1121e-05
0
5.8122e-05
1.9681e-05
4.157e-06
1.124e-05
0
7.52e-05
0
7.3824e-05
0
3.5693e-05
0.00025148
0.00026174
0.00012509
0.00021622
0.00017754
9.7477e-05
2.5892e-05
1.6628e-05
0
0.00012261
0.00015757
2.9425e-05
0
5.0925e-05
7.2832e-05
4.7673e-05
0.00015678
0.00021873
0.00036532
9.7175e-05
6.3623e-05
2.2795e-05
0
0
0
0
2.1614e-05
0
0
0
0
2.7833e-06
0
0
0
0
0
1.3916e-05
2.8645e-05
0
3.8022e-05
0.00011216
2.286e-05
0.00012696
0.00026094
0.0005484
0.00035422
0.00054027
8.6832e-05
4.2316e-05
9.471e-05
6.5258e-05
0
0
2.8821e-05
0.00015521
5.7226e-05
0.00013431
0
0
9.258e-05
9.7217e-05
0.00010363
0.00024623
0.00023667
0.00013874
5.351e-05
0.00014063
0
0
0
0
0
0
0
0
0
0
0
0
0
0
0
0
0
0
0
0
0
0
0
0
0
0
0
0
0
0
0
0
0
0
0
1.3679e-05
3.3551e-05
4.6637e-05
2.8729e-05
0
3.985e-05
0
0
0
0
0
0
0
0
0
0
0
0
0
0
0
0
0
0
0
0
0
0
0.00021864
0
3.1499e-05
3.7858e-05
0
0
0
0
0
0
0
0
0
0
0
0
0
0
0
0
0
0
0
0
0
0
0
7.2854e-05
3.5045e-05
0.00053739
0.0002812
3.5918e-05
0
0
0
0
0
0
0
0
0
0
0
0
0
0
0
4.6143e-05
5.0178e-05
0
0.00010257
0.00020601
0.00024246
7.9239e-05
0.00030962
0.00015577
0.00017726
0.00011412
0.00030097
0.0004514
8.0485e-05
8.7207e-05
0
9.2279e-05
0
0
0
0
0.00025095
0.00017246
0.00020657
0.00014271
8.3773e-05
0.00014763
0
0
2.5133e-05
5.0381e-05
0.00017196
8.3607e-05
7.8621e-05
0.0001291
5.0265e-05
0
4.9029e-05
0
3.1118e-05
6.8023e-05
0.00016162
0.00052881
0.00020097
3.2246e-05
5.7689e-05
0
0
0
0
0
2.1462e-05
0
0
0
0
0
0
0
2.6041e-05
0.00017737
8.2595e-05
1.693e-05
0
3.3408e-05
5.1321e-05
0.00015977
5.2257e-05
0
3.1118e-05
2.5286e-05
0.00013735
0.00049072
0.00012739
3.4184e-05
8.4071e-05
0
0
0
0
0
0
0
0
0
0
0
0
0
0
0
0
0
0
0
0
4.9235e-05
2.5286e-05
6.389e-05
0
1.7822e-05
2.7553e-05
2.7833e-05
0
7.067e-05
0
0
5.4585e-05
0.00016255
2.8468e-05
6.2794e-05
0.00023796
0
9.6003e-05
4.8047e-05
0
4.9507e-05
6.5633e-05
0
0
5.0289e-05
4.157e-05
7.0433e-05
0.0001816
0.00021321
0.00023917
2.9797e-05
0.00010991
6.9048e-05
5.305e-05
0.00010786
0.00013243
4.0978e-05
0.00033335
5.0659e-05
6.9273e-05
5.2242e-05
1.7261e-05
7.4799e-05
0
0
2.038e-05
0
0
0
0
0
0
0
0
0
7.3009e-05
5.6668e-05
0
0
0
0
0
0
0
0
0
0
0
0
0
0
0
0
0
0
0
0
0
0
0
0
0
0
0
0
0
0
0
0
0
2.4714e-05
1.8414e-05
0
0.00010791
8.8626e-05
9.2794e-05
0.00018076
6.8707e-05
0.00016108
0.00015095
0.00012991
2.0029e-05
0.00018292
8.8515e-05
2.9476e-05
1.9681e-05
2.6351e-05
3.4887e-05
0
0
5.4585e-06
3.2458e-05
1.4697e-05
0
0
0
0
0.00011562
0
3.2751e-06
0
0.00017652
1.3123e-05
0
0
0
0
0
0
4.4007e-05
0.00013933
9.7054e-05
1.9921e-05
0.00010941
6.9379e-05
4.9824e-05
0.00021308
5.0423e-05
3.3551e-05
0
1.2566e-05
1.3123e-05
5.2769e-05
0
0
0
0.00013258
8.5947e-05
0
4.6993e-05
5.6815e-05
2.7833e-06
0
0
0.00010057
0
8.5054e-05
0
3.4669e-05
0
9.6052e-05
1.9e-05
1.7348e-05
0
0.00010435
2.4618e-05
6.3177e-05
6.3866e-05
9.0354e-06
3.7281e-05
0.00026205
0.00012589
0.00012841
9.4059e-05
0.00011984
0.00016165
0.00017652
9.6911e-05
6.3215e-05
2.0204e-05
0
2.7412e-05
0.00017681
0
3.9134e-05
7.0857e-05
5.957e-05
0.00013745
0.00018081
0
0
0.00013506
4.5849e-05
2.4116e-05
8.6272e-05
0.00018449
0.00028642
0.00035916
0.00044989
0.0001221
0.00014457
9.2633e-06
1.3916e-05
3.985e-05
6.9721e-05
7.6027e-06
0
4.5012e-06
1.4234e-05
0
0
0
0
0
0
2.7553e-05
1.8527e-05
0
2.349e-05
1.8169e-05
2.739e-05
8.6306e-06
7.2825e-06
0
0
0
0
0
0
0
5.1783e-05
0
1.4687e-05
0
0
0
2.9344e-05
0
0
0
0
0
9.6681e-05
0.00011759
4.7561e-05
0
9.1484e-05
0.00011989
3.0352e-05
0
0
7.9422e-05
0
0
0
0.00010576
0
9.0794e-05
1.5914e-05
0.00012284
7.7543e-05
0.00017457
0.0002279
7.6533e-05
0
5.3326e-05
8.7424e-05
6.3201e-05
0
9.7744e-05
0
0
5.1783e-06
0.00010825
1.294e-05
1.7263e-05
2.3186e-05
0.00014187
9.8146e-05
0.00012117
7.714e-05
0.00012946
0.00024008
0.00022317
0.00049269
0.00018497
0
2.6257e-05
7.6904e-05
0
0
0
5.2515e-05
0
0
0
0
0
3.0645e-05
0
0
0
0
4.7885e-05
0
0
0
0
0
0
0
7.9476e-06
0
0
0
2.4618e-05
0
1.7261e-06
0
0
0
1.7771e-05
8.9712e-05
6.3679e-05
7.6027e-05
0.00015744
9.2585e-05
7.6862e-05
0.00011273
0
0
6.7541e-05
4.2813e-05
0
5.6198e-06
0
9.0347e-05
